327
57
12
379
140
125
114
71
377
52
346
379
456
279
44
302
216
16
15
47
111
119
258
308
13
287
101
366
332
359
279
214
112
229
301
142
414
445
3
388
412
81
357
216
174
142
79
110
490
390
172
52
47
194
49
183
433
176
309
135
413
22
373
235
274
63
498
472
193
40
282
150
424
321
316
453
441
185
295
98
360
35
23
338
116
395
148
40
437
119
443
51
194
142
232
325
427
186
83
189
181
107
343
136
359
479
349
331
36
311
325
87
273
373
125
83
236
194
138
473
327
352
285
112
350
166
431
393
397
28
117
420
16
412
161
205
137
33
108
467
482
290
448
367
161
108
335
255
202
452
468
329
234
73
135
71
126
381
287
275
134
382
299
219
459
298
204
185
112
70
260
252
46
386
24
440
56
78
321
81
405
348
216
305
32
197
195
305
239
270
128
497
283
440
482
5
348
369
58
349
453
274
384
136
393
328
174
57
150
222
80
232
1
488
369
448
368
134
497
256
390
91
259
467
54
445
320
152
430
327
259
311
101
78
191
390
82
276
488
398
472
271
470
0
306
165
250
9
57
475
185
449
425
413
157
122
29
123
449
290
484
40
43
374
248
417
35
500
389
272
392
64
65
337
243
484
281
84
135
270
446
310
216
493
108
475
276
386
373
353
102
365
159
204
343
332
191
224
460
264
231
61
126
115
32
173
10
301
283
117
301
112
3
36
362
323
30
117
34
463
16
440
169
36
263
121
142
342
248
109
276
67
370
478
451
292
295
242
124
401
242
413
208
97
48
49
337
220
181
216
210
239
442
373
27
344
334
330
50
31
206
372
173
409
441
55
127
98
97
274
229
71
216
93
142
236
127
447
472
38
226
413
441
438
281
50
25
333
276
428
7
496
47
474
385
434
121
85
208
248
246
109
442
205
462
30
84
194
1
199
135
474
401
401
232
146
216
356
490
374
401
284
338
367
249
79
97
151
111
495
29
296
376
277
31
382
160
29
25
299
244
257
470
436
271
80
29
491
260
41
435
95
35
304
34
345
441
120
206
61
482
455
291
126
296
304
20
317
41
214
336
298
289
267
161
478
133
104
342
366
160
122
135
202
67
343
330
153
234
161
475
384
479
37
4
234
318
288
51
37
